S[1] = 0.000000
S[2] = -0.125617
S[3] = -0.333013
S[4] = -0.100956
S[5] = 0.089554
S[6] = 0.173850
S[7] = 0.158221
S[8] = 0.113052
S[9] = 0.096251
S[10] = 0.051784
S[11] = 0.012767
S[12] = 0.005898
S[13] = 0.023828
S[14] = -0.109445
S[15] = 0.072162
S[16] = 0.043379
S[17] = 0.023186
S[18] = -0.000363
S[19] = 0.002863
S[20] = -0.003199
S[21] = -0.024800
S[22] = -0.024002
S[23] = -0.004313
S[24] = 0.011284
S[25] = -0.000073
S[26] = 0.002550
S[27] = -0.013996
S[28] = 0.001422
S[29] = 0.005037
S[30] = 0.004228
S[31] = -0.015541
S[32] = 0.002484
S[33] = 0.013427
S[34] = 0.008796
S[35] = 0.000314
S[36] = -0.024590
S[37] = -0.047169
S[38] = 0.018736
S[39] = 0.019020
S[40] = 0.006736
S[41] = 0.002056
S[42] = -0.068788
S[43] = -0.045350
S[44] = 0.084774
S[45] = 0.099641
S[46] = 0.047732
S[47] = 0.004738
S[48] = -0.019603
S[49] = -0.035168
S[50] = -0.019405
S[51] = -0.016864
S[52] = -0.007599
S[53] = -0.009346
S[54] = -0.012689
S[55] = 0.013844
S[56] = 0.006743
S[57] = -0.016887
S[58] = 0.011492
S[59] = -0.009015
S[60] = -0.009208
S[61] = -0.009931
S[62] = 0.005013
S[63] = -0.003299
S[64] = -0.012289
S[65] = 0.018899
S[66] = 0.004106
S[67] = 0.002032
S[68] = -0.019086
S[69] = 0.017952
S[70] = 0.010734
S[71] = 0.001252
S[72] = 0.000315
S[73] = 0.008860
S[74] = 0.003980
S[75] = -0.017846
S[76] = 0.003843
S[77] = -0.004633
S[78] = -0.001796
S[79] = -0.007140
S[80] = -0.001301
S[81] = -0.030310
S[82] = -0.001950
S[83] = -0.053972
S[84] = 0.067560
S[85] = 0.047994
S[86] = 0.030821
S[87] = 0.003715
S[88] = -0.023804
S[89] = 0.005505
S[90] = 0.006804
S[91] = -0.009203
S[92] = -0.057508
S[93] = -0.018674
S[94] = -0.004549
S[95] = 0.008360
S[96] = 0.007629
S[97] = 0.009471
S[98] = 0.011024
S[99] = 0.006233
S[100] = 0.000465
S[101] = -0.000405
S[102] = 0.000301
S[103] = -0.000139
S[104] = 0.001269
S[105] = 0.000104
S[106] = -0.001937
S[107] = 0.001566
S[108] = 0.001567
S[109] = 0.000447
S[110] = -0.000309
S[111] = -0.000764
S[112] = -0.000265
S[113] = -0.000022
S[114] = 0.000222
S[115] = -0.000498
S[116] = 0.000079
S[117] = 0.000005
S[118] = 0.000000
S[119] = 0.000000
S[120] = 0.000000
S[121] = 0.000000
S[122] = 0.000000
S[123] = 0.000000
S[124] = 0.000000
S[125] = 0.000000
S[126] = 0.000000
S[127] = 0.000000
S[128] = 0.000000
S[129] = 0.000000
S[130] = 0.000000
S[131] = 0.000000
S[132] = 0.000000
S[133] = 0.000000
S[134] = 0.000000
S[135] = 0.000000
S[136] = 0.000000
S[137] = 0.000000
S[138] = 0.000000
