 R[1] = -0.234296
 R[2] = -0.523971
 R[3] = 0.015691
 R[4] = 0.056551
 R[5] = 0.045008
 R[6] = -0.001480
 R[7] = -0.025647
 R[8] = 0.007068
 R[9] = -0.008397
 R[10] = -0.008921
 R[11] = 0.003664
 R[12] = 0.039002
 R[13] = -0.214595
 R[14] = 0.216340
 R[15] = -0.011907
 R[16] = 0.004636
 R[17] = -0.019602
 R[18] = 0.012188
 R[19] = -0.000296
 R[20] = -0.015303
 R[21] = -0.003561
 R[22] = 0.010036
 R[23] = 0.012374
 R[24] = -0.001895
 R[25] = 0.001036
 R[26] = -0.023024
 R[27] = 0.017559
 R[28] = 0.002854
 R[29] = 0.001505
 R[30] = -0.024713
 R[31] = 0.019478
 R[32] = 0.016640
 R[33] = 0.004193
 R[34] = -0.001517
 R[35] = -0.041410
 R[36] = -0.060955
 R[37] = 0.064819
 R[38] = 0.000413
 R[39] = -0.013179
 R[40] = -0.005491
 R[41] = -0.135561
 R[42] = -0.039850
 R[43] = 0.163608
 R[44] = 0.073074
 R[45] = -0.000781
 R[46] = -0.002013
 R[47] = -0.007119
 R[48] = -0.022457
 R[49] = 0.029086
 R[50] = 0.002062
 R[51] = 0.000446
 R[52] = -0.005061
 R[53] = -0.009897
 R[54] = 0.031499
 R[55] = 0.002775
 R[56] = -0.032362
 R[57] = 0.035170
 R[58] = -0.024908
 R[59] = 0.002726
 R[60] = -0.009275
 R[61] = 0.015312
 R[62] = -0.018270
 R[63] = -0.023626
 R[64] = 0.042740
 R[65] = -0.016246
 R[66] = -0.000997
 R[67] = -0.035000
 R[68] = 0.044983
 R[69] = -0.001980
 R[70] = -0.003575
 R[71] = 0.004084
 R[72] = 0.016617
 R[73] = 0.003438
 R[74] = -0.027320
 R[75] = 0.027901
 R[76] = -0.010149
 R[77] = 0.002467
 R[78] = -0.008529
 R[79] = 0.003290
 R[80] = -0.056939
 R[81] = 0.019846
 R[82] = -0.113921
 R[83] = 0.154145
 R[84] = 0.002597
 R[85] = 0.017414
 R[86] = -0.007787
 R[87] = -0.026641
 R[88] = 0.043919
 R[89] = 0.022000
 R[90] = -0.006384
 R[91] = -0.083635
 R[92] = 0.018406
 R[93] = 0.000000
 R[94] = 0.000000
 R[95] = 0.000000
 R[96] = 0.000000
 R[97] = 0.000000
 R[98] = 0.000000
 R[99] = 0.000000
 R[100] = 0.000000
 R[101] = 0.000000
 R[102] = 0.000000
 R[103] = 0.000000
 R[104] = 0.000000
 R[105] = 0.000000
 R[106] = 0.000000
 R[107] = 0.000000
 R[108] = 0.000000
 R[109] = 0.000000
 R[110] = 0.000000
 R[111] = 0.000000
 R[112] = 0.000000
 R[113] = 0.000000
