Z[1] = 14746.260454
Z[2] = 9147.936505
Z[3] = 2857.457848
Z[4] = 2948.560875
Z[5] = 3302.040300
Z[6] = 3613.281696
Z[7] = 3602.602545
Z[8] = 3422.428135
Z[9] = 3471.153244
Z[10] = 3413.345082
Z[11] = 3352.979967
Z[12] = 3377.644057
Z[13] = 3651.804595
Z[14] = 2361.398622
Z[15] = 3665.191367
Z[16] = 3578.935350
Z[17] = 3612.274063
Z[18] = 3473.381105
Z[19] = 3559.093438
Z[20] = 3556.985072
Z[21] = 3449.760186
Z[22] = 3425.275853
Z[23] = 3494.721931
Z[24] = 3582.293925
Z[25] = 3568.742020
Z[26] = 3576.145598
Z[27] = 3415.179386
Z[28] = 3537.254190
Z[29] = 3557.503112
Z[30] = 3568.229319
Z[31] = 3396.117056
Z[32] = 3531.044563
Z[33] = 3650.544535
Z[34] = 3681.289541
Z[35] = 3670.137390
Z[36] = 3378.265626
Z[37] = 2990.083284
Z[38] = 3404.580257
Z[39] = 3407.396908
Z[40] = 3318.751186
Z[41] = 3282.505018
Z[42] = 2498.785391
Z[43] = 2307.264910
Z[44] = 3209.917856
Z[45] = 3716.022361
Z[46] = 3710.220752
Z[47] = 3695.312129
Z[48] = 3643.071547
Z[49] = 3483.038456
Z[50] = 3691.720991
Z[51] = 3706.975872
Z[52] = 3710.284040
Z[53] = 3672.917111
Z[54] = 3600.926175
Z[55] = 3835.153319
Z[56] = 3856.500424
Z[57] = 3614.715529
Z[58] = 3878.239795
Z[59] = 3689.738204
Z[60] = 3709.906416
Z[61] = 3641.718624
Z[62] = 3754.974487
Z[63] = 3620.229576
Z[64] = 3453.114439
Z[65] = 3761.466555
Z[66] = 3641.204700
Z[67] = 3633.951823
Z[68] = 3388.176283
Z[69] = 3707.353807
Z[70] = 3692.703435
Z[71] = 3666.396846
Z[72] = 3696.465480
Z[73] = 3821.388731
Z[74] = 3847.754004
Z[75] = 3643.102575
Z[76] = 3852.233538
Z[77] = 3774.825279
Z[78] = 3793.497871
Z[79] = 3729.336160
Z[80] = 3753.959581
Z[81] = 3349.496028
Z[82] = 3485.133218
Z[83] = 2772.282438
Z[84] = 3782.702369
Z[85] = 3802.399552
Z[86] = 3937.177735
Z[87] = 3876.337138
Z[88] = 3675.158437
Z[89] = 4012.806956
Z[90] = 4193.341197
Z[91] = 4140.140484
Z[92] = 3501.066046
Z[93] = 3632.366525
Z[94] = 3632.366525
Z[95] = 3632.366525
Z[96] = 3632.366525
Z[97] = 3632.366525
Z[98] = 3632.366525
Z[99] = 3632.366525
Z[100] = 3632.366525
Z[101] = 3632.366525
Z[102] = 3632.366525
Z[103] = 3632.366525
Z[104] = 3632.366525
Z[105] = 3632.366525
Z[106] = 3632.366525
Z[107] = 3632.366525
Z[108] = 3632.366525
Z[109] = 3632.366525
Z[110] = 3632.366525
Z[111] = 3632.366525
Z[112] = 3632.366525
Z[113] = 3632.366525
Z[114] = 3632.366525
